# r[Å]   g_mean   g_std
1.000000000000000056e-01 0.000000000000000000e+00 0.000000000000000000e+00
3.000000000000000444e-01 0.000000000000000000e+00 0.000000000000000000e+00
5.000000000000000000e-01 0.000000000000000000e+00 0.000000000000000000e+00
7.000000000000000666e-01 0.000000000000000000e+00 0.000000000000000000e+00
9.000000000000000222e-01 0.000000000000000000e+00 0.000000000000000000e+00
1.100000000000000089e+00 0.000000000000000000e+00 0.000000000000000000e+00
1.300000000000000266e+00 0.000000000000000000e+00 0.000000000000000000e+00
1.500000000000000000e+00 2.262839672761428160e-03 6.423043823315626854e-04
1.700000000000000178e+00 8.659963984706768592e-02 4.236836563199836495e-03
1.899999999999999911e+00 1.769198156451427806e-01 6.570947750083144627e-03
2.100000000000000089e+00 1.405777575381881583e-01 3.866393675669992265e-03
2.300000000000000266e+00 1.342328350840878148e-01 3.584754987550500902e-03
2.500000000000000000e+00 2.616116986022239410e-01 6.161782398525515736e-03
2.700000000000000178e+00 5.897398579124758511e-01 1.068618880038843533e-02
2.900000000000000355e+00 7.253124409332151190e-01 1.182422311575672541e-02
3.100000000000000089e+00 7.527724641777577830e-01 8.848952623300996093e-03
3.300000000000000266e+00 8.547196960137410926e-01 6.466287622866900668e-03
3.500000000000000000e+00 9.658490927711783636e-01 6.271812423273836860e-03
3.700000000000000178e+00 1.000055384147728210e+00 9.495220988072082882e-03
3.900000000000000355e+00 9.984427680979933717e-01 6.674456618286780767e-03
4.099999999999999645e+00 9.970330817604980966e-01 5.422821001552459962e-03
4.300000000000000711e+00 1.017824124849358691e+00 6.020150381528607472e-03
4.500000000000000000e+00 1.091357675567467878e+00 7.884173796809862411e-03
4.700000000000001066e+00 1.144609514738455180e+00 4.586493505061600695e-03
4.900000000000000355e+00 1.171350458642229642e+00 4.548089803225274438e-03
5.099999999999999645e+00 1.205989663032635884e+00 4.609915252163122000e-03
5.300000000000000711e+00 1.240618490289333575e+00 5.303276545004052302e-03
5.500000000000000000e+00 1.268838381777812163e+00 5.318213730714544882e-03
5.700000000000001066e+00 1.278015446286333345e+00 3.309817786347599503e-03
5.900000000000000355e+00 1.278693238425348433e+00 6.247534450014666924e-03
6.099999999999999645e+00 1.292099147120454150e+00 5.733770836222080308e-03
6.300000000000000711e+00 1.309773235511087153e+00 7.672516324714174704e-03
6.500000000000000000e+00 1.332651052449748352e+00 2.812241402503046998e-03
6.700000000000001066e+00 1.352463483168510949e+00 2.881014819517403475e-03
6.900000000000000355e+00 1.379825409911876077e+00 4.052887554803422630e-03
7.099999999999999645e+00 1.401949168569693649e+00 3.822860632285046342e-03
7.300000000000000711e+00 1.421715941076915568e+00 4.642786763693038804e-03
7.500000000000000000e+00 1.438078651523464480e+00 5.023141805907949814e-03
7.700000000000001066e+00 1.450355811096466274e+00 2.126807241209817834e-03
7.900000000000000355e+00 1.457156362480405809e+00 3.520760428556357017e-03
8.100000000000001421e+00 1.459164951876499972e+00 5.726698660353578794e-03
8.300000000000000711e+00 1.463163772848065536e+00 4.469775009630223318e-03
8.500000000000000000e+00 1.469712264271851643e+00 1.342715341427944912e-03
8.699999999999999289e+00 1.477078773697523717e+00 4.551640699641108963e-03
8.900000000000000355e+00 1.482389721135763949e+00 3.865906422775354338e-03
9.100000000000001421e+00 1.490370046490423483e+00 5.019666945928988669e-03
9.300000000000000711e+00 1.496082209533999619e+00 5.390458262106965354e-03
9.500000000000000000e+00 1.501488732606503618e+00 3.403112286231369573e-03
9.700000000000001066e+00 1.503836829917711837e+00 3.407378091420431958e-03
9.900000000000000355e+00 1.506237148855036567e+00 2.088354627657494286e-03
1.010000000000000142e+01 1.508317927204278597e+00 5.573992828473340114e-03
1.030000000000000071e+01 1.510344839130079109e+00 5.134411779042894614e-03
1.050000000000000000e+01 1.514061824809642021e+00 3.191960757156236776e-03
1.070000000000000107e+01 1.514358289017404990e+00 1.566517763284358804e-03
1.090000000000000036e+01 1.519204743757619935e+00 2.606449479228952360e-03
1.110000000000000142e+01 1.522226803838399478e+00 9.540142905433625798e-04
1.130000000000000071e+01 1.524478750940173155e+00 3.419128277219612728e-03
1.150000000000000000e+01 1.527086982358373701e+00 2.955286559793365419e-03
1.170000000000000107e+01 1.526412814918346017e+00 3.574279075169033842e-03
1.190000000000000036e+01 1.533015349144434269e+00 4.755261322385872548e-03
1.210000000000000142e+01 1.531125407893830115e+00 2.670448364286833517e-03
1.230000000000000071e+01 1.532698547236479802e+00 3.198043202193089334e-03
1.250000000000000000e+01 1.535430778483740211e+00 4.119327891255264787e-03
1.270000000000000107e+01 1.538392401976039325e+00 3.340872294055071898e-03
1.290000000000000036e+01 1.539567370337032282e+00 2.414661664287378381e-03
1.310000000000000142e+01 1.543845088824282286e+00 3.102202718193169950e-03
1.330000000000000071e+01 1.546092745482165798e+00 1.980627819038954709e-03
1.350000000000000000e+01 1.545804586441740014e+00 2.708446933709511822e-03
1.370000000000000107e+01 1.547179885261396493e+00 3.394375123531014667e-03
1.390000000000000036e+01 1.548548465853986755e+00 3.694246111530105885e-03
1.410000000000000142e+01 1.551155911857312164e+00 3.524696464915250734e-03
1.430000000000000071e+01 1.550247852591115860e+00 3.871739272401832337e-03
1.450000000000000000e+01 1.550542741806149705e+00 2.215905234326667663e-03
1.470000000000000107e+01 1.552530502708474147e+00 1.751839601997335705e-03
1.490000000000000036e+01 1.553048732979990687e+00 1.600189057242649765e-03
1.510000000000000142e+01 1.553709139972205833e+00 3.104624986428696377e-03
1.530000000000000071e+01 1.554519058375797513e+00 3.145868300280280257e-03
1.550000000000000000e+01 1.555218997069082620e+00 1.930424131894144723e-03
1.570000000000000107e+01 1.553810056839549203e+00 3.406886989022701873e-03
1.590000000000000036e+01 1.555964399078091587e+00 2.242991098658897627e-03
1.610000000000000142e+01 1.556741348217729692e+00 3.527771188673457792e-03
1.630000000000000071e+01 1.556002739492957643e+00 2.916146399394360135e-03
1.650000000000000000e+01 1.556897598182544806e+00 1.947278832568515201e-03
1.670000000000000284e+01 1.557611888361455366e+00 3.983656671372895995e-03
1.689999999999999858e+01 1.557310120213086790e+00 2.770730178485957679e-03
1.710000000000000142e+01 1.560087686211717228e+00 3.307223641169989257e-03
1.730000000000000071e+01 1.560049948204988324e+00 3.005883868973448312e-03
1.750000000000000000e+01 1.560017140352822018e+00 4.017260185279097548e-03
1.770000000000000284e+01 1.559238137790987855e+00 3.554267778895158717e-03
1.789999999999999858e+01 1.560163434528402115e+00 5.146873084405951572e-03
1.810000000000000142e+01 1.560823735189215133e+00 4.671956910988110147e-03
1.830000000000000071e+01 1.561488247780502325e+00 5.971228529364737241e-03
1.850000000000000000e+01 1.560797045192560573e+00 4.901569419673678339e-03
1.870000000000000284e+01 1.562362493574795286e+00 5.194291457192349269e-03
1.889999999999999858e+01 1.560785097251101705e+00 5.590277706521242819e-03
1.910000000000000142e+01 1.561642825301810866e+00 5.688649050820799441e-03
1.930000000000000426e+01 1.560943661471875687e+00 5.542584506911914927e-03
1.950000000000000000e+01 1.559761230288861711e+00 6.658487184426895890e-03
1.970000000000000284e+01 1.559881609190773455e+00 5.486404782158486697e-03
1.989999999999999858e+01 1.559266253013720016e+00 5.669801509613154981e-03
2.010000000000000142e+01 1.559173612996896052e+00 5.337059643548424520e-03
2.030000000000000426e+01 1.558957371308101747e+00 6.760348830938887367e-03
2.050000000000000000e+01 1.556951755042804253e+00 7.190282823604303777e-03
2.070000000000000284e+01 1.556958803185452878e+00 6.756992586862678972e-03
2.089999999999999858e+01 1.557084980679364294e+00 6.504430653445386623e-03
2.110000000000000142e+01 1.555380163903330670e+00 6.662341117257243421e-03
2.130000000000000426e+01 1.553865945397206794e+00 7.841285156794757655e-03
2.150000000000000000e+01 1.552278461387178288e+00 8.289253930069063331e-03
2.170000000000000284e+01 1.551634961833654458e+00 7.325446674712509168e-03
2.189999999999999858e+01 1.551358972682185922e+00 6.726979291991500541e-03
2.210000000000000142e+01 1.549799293631000552e+00 7.090212988561658998e-03
2.230000000000000426e+01 1.549348374285629104e+00 7.998918288518818906e-03
2.250000000000000000e+01 1.547239386315063081e+00 6.445549349910709852e-03
2.270000000000000284e+01 1.546702574513614259e+00 6.071841645608221094e-03
2.289999999999999858e+01 1.545430676182542484e+00 6.873239197222085622e-03
2.310000000000000142e+01 1.544550048923464258e+00 7.876083311026987888e-03
2.330000000000000426e+01 1.542996977924279811e+00 7.758995217864573038e-03
2.350000000000000000e+01 1.541668761838726587e+00 7.865626293132739130e-03
2.370000000000000284e+01 1.539842202437797347e+00 7.480511198257058791e-03
2.389999999999999858e+01 1.537359965754293789e+00 7.509187965439594221e-03
2.410000000000000142e+01 1.537357281927352659e+00 8.005812062755916086e-03
2.430000000000000426e+01 1.534917943943891361e+00 8.704043564947885198e-03
2.450000000000000000e+01 1.533380364024980347e+00 6.808570979055951662e-03
2.470000000000000284e+01 1.531735129911209192e+00 8.191872967048303630e-03
2.489999999999999858e+01 1.529226399942577030e+00 7.394077519879478644e-03
2.510000000000000142e+01 1.526738775842017226e+00 7.661088547748673601e-03
2.530000000000000426e+01 1.525240442618789771e+00 8.406316688860252309e-03
2.550000000000000000e+01 1.523283004636602378e+00 7.901997230963429819e-03
2.570000000000000284e+01 1.520791523502133424e+00 8.302219131574525152e-03
2.589999999999999858e+01 1.518568581024374531e+00 8.528710185482134970e-03
2.610000000000000142e+01 1.516577001431349991e+00 7.095391190049296117e-03
2.630000000000000426e+01 1.513651520394972083e+00 7.011059828869348198e-03
2.650000000000000000e+01 1.512143370035546885e+00 7.590509910145931335e-03
2.670000000000000284e+01 1.510007817803263430e+00 8.041679166793684261e-03
2.689999999999999858e+01 1.508184344114088082e+00 7.576502989874766940e-03
2.710000000000000142e+01 1.505366425978178491e+00 7.648707730038350333e-03
2.730000000000000426e+01 1.503048857762867785e+00 8.357022590928457617e-03
2.750000000000000000e+01 1.500193219269352340e+00 8.109553282447225578e-03
2.770000000000000284e+01 1.498198045266360801e+00 8.097294403201324431e-03
2.789999999999999858e+01 1.496412974261317030e+00 7.904993066907440441e-03
2.810000000000000142e+01 1.493775511485521568e+00 7.684346801250720171e-03
2.830000000000000426e+01 1.490781070468219172e+00 7.670306852583048431e-03
2.850000000000000000e+01 1.488166287579216762e+00 7.692767847858808863e-03
2.870000000000000284e+01 1.486267447107899597e+00 7.537441870028391971e-03
2.889999999999999858e+01 1.482626911342127762e+00 8.723547999689981736e-03
2.910000000000000142e+01 1.479953175064713244e+00 8.907056625152093288e-03
2.930000000000000426e+01 1.477929504676364525e+00 9.268357490535981263e-03
2.950000000000000000e+01 1.475096759265315915e+00 1.005893748554158827e-02
2.970000000000000284e+01 1.471370281930824753e+00 9.791056388421993592e-03
2.989999999999999858e+01 1.469410522791851248e+00 9.773815963196106141e-03
3.010000000000000142e+01 1.466661336662094861e+00 1.030927657250051317e-02
3.030000000000000426e+01 1.463309379865001203e+00 1.050214970496048117e-02
3.050000000000000000e+01 1.460703998745198851e+00 1.115771013767869607e-02
3.070000000000000284e+01 1.457137781220849249e+00 1.143661176074887119e-02
3.089999999999999858e+01 1.454950774941091041e+00 1.191598786366717191e-02
3.110000000000000142e+01 1.450895101301894696e+00 1.271467128583849381e-02
3.130000000000000426e+01 1.447891608640512251e+00 1.398545613458506212e-02
3.150000000000000000e+01 1.445417267712997500e+00 1.469219450745386756e-02
3.170000000000000284e+01 1.441981888591498562e+00 1.557940459884795716e-02
3.189999999999999858e+01 1.439129636441489168e+00 1.609075338728357257e-02
3.210000000000000142e+01 1.435161083554513661e+00 1.624888300537899455e-02
3.229999999999999716e+01 1.432904997012750092e+00 1.761575670093417506e-02
3.250000000000000000e+01 1.429150004995811907e+00 1.864406643856041448e-02
3.270000000000000284e+01 1.426335053672896036e+00 1.913515636072514459e-02
3.290000000000000568e+01 1.422483682405899508e+00 2.081089889540503612e-02
3.310000000000000142e+01 1.418716667139792165e+00 2.037468477628038080e-02
3.329999999999999716e+01 1.415311471993345727e+00 2.183366573637543495e-02
3.350000000000000000e+01 1.411577201074712518e+00 2.267656172161169187e-02
3.370000000000000284e+01 1.408015076450716663e+00 2.433389789870992609e-02
3.390000000000000568e+01 1.404477628056064908e+00 2.484754374371627578e-02
3.410000000000000142e+01 1.400446179392492274e+00 2.586430368125674714e-02
3.429999999999999716e+01 1.397577990915470414e+00 2.677962083710672819e-02
3.450000000000000000e+01 1.392912030737976536e+00 2.787095862595840440e-02
3.470000000000000284e+01 1.388544466961642909e+00 2.874160002537725495e-02
3.490000000000000568e+01 1.384764337280169899e+00 3.002131103044602956e-02
3.510000000000000142e+01 1.380807159887780911e+00 3.077457671512492943e-02
3.529999999999999716e+01 1.376968230180736441e+00 3.123189211165584150e-02
3.550000000000000000e+01 1.372215732899931817e+00 3.240456196717911297e-02
3.570000000000000284e+01 1.367784105476773426e+00 3.295449079163281086e-02
3.590000000000000568e+01 1.363722081058521107e+00 3.411974764733911869e-02
3.610000000000000142e+01 1.358634996811763473e+00 3.561807166698396920e-02
3.629999999999999716e+01 1.355506382653085096e+00 3.562449132277186598e-02
3.650000000000000000e+01 1.349627994874572634e+00 3.618825775891891527e-02
3.670000000000000284e+01 1.345865646057164744e+00 3.729409289233686503e-02
3.690000000000000568e+01 1.340777920085665320e+00 3.767639262576138320e-02
3.710000000000000142e+01 1.335893178579532714e+00 3.799752946669947284e-02
3.729999999999999716e+01 1.331147056625398895e+00 3.922261714343698580e-02
3.750000000000000000e+01 1.326425240236356995e+00 3.904864726873084890e-02
3.770000000000000284e+01 1.322063256817159749e+00 3.900333667774283364e-02
3.790000000000000568e+01 1.315951558437570279e+00 3.956815598497308295e-02
3.810000000000000142e+01 1.311058227853652891e+00 3.949228963888494481e-02
3.830000000000000426e+01 1.305651073264973316e+00 3.897016570982674705e-02
3.850000000000000000e+01 1.301281895695352242e+00 3.980033932134202646e-02
3.870000000000000284e+01 1.294958364173032228e+00 3.964333041237261268e-02
3.890000000000000568e+01 1.290284572320488765e+00 3.943985494809592457e-02
3.910000000000000142e+01 1.284406400436073792e+00 3.829296350322360792e-02
3.930000000000000426e+01 1.278941014351693717e+00 3.801905504705799244e-02
3.950000000000000000e+01 1.272687620045286350e+00 3.710411806643224009e-02
3.970000000000000284e+01 1.266929550047588338e+00 3.682968628569047859e-02
3.990000000000000568e+01 1.260771026150125707e+00 3.573237631851120671e-02
