Run semi-empirical minimization
 &qmmm
    qm_theory='AM1', grms_tol=0.0005,
 scfconv=1.d-10, ndiis_attempts=700,   qmcharge=0,
 /
   1     H       -3.1760        9.9340       -1.9680 
   8     O       -2.8070       10.6190       -2.5370 
   6     C       -3.5180       11.7900       -2.3300 
   1    H1       -3.1440       12.3250       -1.4260 
   8    O1       -4.8720       11.4650       -2.1460 
   6    C1       -5.6900       12.5930       -1.9010 
   1    H2       -5.3590       13.0900       -0.9750 
   6    C2       -7.1200       12.0740       -1.7080 
   1    H3       -7.4210       11.5400       -2.6210 
   1    H4       -7.7850       12.9230       -1.5460 
   8    O2       -7.2250       11.2410       -0.5880 
   1    H5       -6.5770       10.5330       -0.6890 
   6    C3       -5.6330       13.6390       -3.0290 
   1    H6       -6.1250       13.2510       -3.9350 
   6    C4       -4.1750       13.9770       -3.3870 
   1    H7       -3.7520       14.5750       -2.5620 
   8    O3       -4.1110       14.7140       -4.5850 
   1    H8       -3.2360       14.5350       -4.9650 
   6    C5       -3.3600       12.6900       -3.5650 
   1    H9       -3.7670       12.1320       -4.4180 
   7     N       -1.9960       13.0560       -3.8900 
   1   H10       -1.5530       13.5040       -3.0930 
   8    O4       -6.3630       14.7350       -2.5140 
   6    C6       -6.6730       15.7550       -3.3960 
   1   H11       -6.8440       15.3590       -4.4180 
   8    O5       -5.6040       16.6650       -3.4210 
   6    C7       -5.7900       17.7010       -4.3530 
   1   H12       -6.0160       17.2800       -5.3470 
   6    C8       -4.4470       18.4320       -4.4200 
   1   H13       -4.1820       18.7600       -3.4030 
   1   H14       -4.5220       19.3030       -5.0740 
   8    O6       -3.4600       17.5930       -4.9400 
   1   H15       -3.6480       16.6960       -4.6160 
   6    C9       -6.9670       18.6090       -3.9540 
   1   H16       -6.7130       19.1650       -3.0370 
   6   C10       -8.2280       17.7550       -3.6980 
   1   H17       -8.6470       17.4860       -4.6750 
   8    O7       -9.2580       18.4610       -3.0450 
   1   H18       -8.9470       18.7490       -2.1780 
   6   C11       -7.9330       16.4650       -2.8850 
   1   H19       -7.7290       16.7450       -1.8430 
   7    N1       -9.0560       15.5540       -2.8740 
   1   H20       -9.2350       15.2000       -3.8080 
   8    O8       -7.1160       19.5110       -5.0400 
   6   C12       -7.7180       20.7330       -4.7890 
   1   H21       -7.3250       21.1790       -3.8460 
   8    O9       -9.1070       20.5730       -4.6880 
   6   C13       -9.7820       21.7670       -4.3700 
   1   H22       -9.4050       22.1660       -3.4140 
   6   C14      -11.2560       21.3760       -4.2020 
   1   H23      -11.6170       20.9740       -5.1600 
   1   H24      -11.8370       22.2610       -3.9360 
   8   O10      -11.4230       20.4470       -3.1750 
   1   H25      -10.7950       19.7220       -3.3300 
   6   C15       -9.5820       22.8630       -5.4320 
   1   H26      -10.1040       22.5990       -6.3640 
   6   C16       -8.0870       23.0280       -5.7600 
   1   H27       -7.6070       23.5430       -4.9110 
   8   O11       -7.9240       23.7900       -6.9310 
   1   H28       -7.0610       23.5440       -7.3010 
   6   C17       -7.4200       21.6620       -5.9800 
   1   H29       -7.8680       21.1910       -6.8620 
   7    N2       -6.0180       21.8870       -6.2640 
   1   H30       -5.5370       22.2360       -5.4400 
   8   O12      -10.1770       24.0140       -4.8590 
   6   C18      -10.2050       25.1680       -5.6330 
   1   H31      -10.4090       24.9220       -6.6950 
   8   O13       -8.9750       25.8330       -5.5320 
   6   C19       -8.9130       26.9790       -6.3530 
   1   H32       -9.1340       26.7010       -7.3960 
   6   C20       -7.4690       27.4750       -6.2710 
   1   H33       -7.2230       27.6520       -5.2140 
   1   H34       -7.3630       28.4050       -6.8320 
   8   O14       -6.5970       26.5260       -6.8220 
   1   H35       -6.9730       25.6540       -6.6220 
   6   C21       -9.9400       28.0450       -5.9330 
   1   H36       -9.6870       28.4540       -4.9430 
   6   C22      -11.3430       27.4120       -5.8480 
   1   H37      -11.6890       27.2240       -6.8780 
   8   O15      -12.2460       28.2780       -5.2000 
   1   H38      -12.9430       27.7130       -4.8300 
   6   C23      -11.3030       26.0880       -5.0690 
   1   H39      -11.0270       26.3030       -4.0300 
   7    N3      -12.6410       25.5290       -5.0630 
   1   H40      -12.9010       25.2310       -5.9990 
   8   O16       -9.8290       29.0530       -6.9170 
   6   C24      -10.4910       30.2430       -6.6760 
   1   H41      -10.5080       30.4770       -5.5920 
   8   O17      -11.8090       30.1260       -7.1480 
   6   C25      -12.5900       31.2630       -6.8800 
   1   H42      -12.5450       31.5110       -5.8070 
   6   C26      -14.0240       30.8610       -7.2350 
   1   H43      -14.0390       30.5260       -8.2830 
   1   H44      -14.6970       31.7130       -7.1180 
   8   O18      -14.4710       29.8460       -6.3870 
   1   H45      -13.7060       29.2760       -6.1980 
   6   C27      -12.0830       32.4870       -7.6640 
   1   H46      -12.2420       32.3280       -8.7420 
   6   C28      -10.5760       32.6890       -7.3950 
   1   H47      -10.4750       33.1410       -6.4010 
   8   O19       -9.9660       33.6070       -8.2720 
   1   H48      -10.0540       33.2880       -9.1790 
   6   C29       -9.7740       31.3600       -7.4470 
   1   H49       -9.7120       31.0260       -8.4910 
   7    N4       -8.4200       31.5190       -6.9630 
   1   H50       -8.4210       31.7380       -5.9720 
   8   O20      -12.8800       33.5730       -7.2140 
   6   C30      -13.0760       34.6320       -8.0860 
   1   H51      -13.3100       34.2580       -9.1100 
   8   O21      -11.9290       35.4340       -8.1330 
   6   C31      -12.0290       36.4970       -9.0530 
   1   H52      -12.2050       36.0970      -10.0650 
   6   C32      -10.6710       37.2110       -9.0240 
   1   H53      -10.5140       37.6080       -8.0110 
   1   H54      -10.6820       38.0340       -9.7400 
   8   O22       -9.6350       36.3440       -9.3830 
   1   H55       -9.7020       35.5600       -8.8140 
   6   C33      -13.1900       37.4550       -8.7340 
   1   H56      -12.9700       38.0340       -7.8240 
   6   C34      -14.4930       36.6700       -8.4920 
   1   H57      -14.8550       36.3040       -9.4670 
   8   O23      -15.4690       37.5000       -7.9080 
   1   H58      -16.0770       36.9120       -7.4330 
   6   C35      -14.2470       35.4780       -7.5550 
   1   H59      -13.9390       35.8590       -6.5740 
   7    N5      -15.5000       34.7720       -7.3800 
   1   H60      -15.7750       34.3160       -8.2450 
   8   O24      -13.2470       38.3160       -9.8540 
   6   C36      -14.0770       39.4190       -9.7580 
   1   H61      -14.1070       39.8050       -8.7190 
   8   O25      -15.3710       39.0430      -10.1530 
   6   C37      -16.3080       40.0840      -10.0190 
   1   H62      -16.2720       40.4950       -8.9980 
   6   C38      -17.6810       39.4480      -10.2460 
   1   H63      -17.6750       38.9570      -11.2310 
   1   H64      -18.4560       40.2180      -10.2260 
   8   O26      -17.9590       38.5170       -9.2380 
   1   H65      -17.1150       38.0970       -9.0020 
   6   C39      -16.0020       41.2310      -10.9960 
   1   H66      -16.1510       40.8830      -12.0320 
   6   C40      -14.5370       41.6890      -10.8240 
   1   H67      -14.4880       42.3070       -9.9200 
   8   O27      -14.0980       42.5370      -11.8640 
   1   H68      -14.0980       42.0450      -12.6940 
   6   C41      -13.5450       40.5030      -10.7070 
   1   H69      -13.4460       40.0280      -11.6920 
   7    N6      -12.2240       40.9270      -10.2980 
   1   H70      -12.2420       41.2750       -9.3450 
   8   O28      -16.9460       42.2390      -10.6850 
   6   C42      -17.1500       43.2370      -11.6180 
   1   H71      -17.0950       42.8340      -12.6530 
   8   O29      -16.1640       44.2240      -11.4510 
   6   C43      -16.2420       45.2540      -12.4020 
   1   H72      -16.2210       44.8350      -13.4210 
   6   C44      -14.9850       46.1070      -12.1910 
   1   H73      -14.9620       46.4270      -11.1390 
   1   H74      -15.0210       46.9860      -12.8380 
   8   O30      -13.8310       45.3980      -12.5240 
   1   H75      -13.8910       44.5220      -12.1070 
   6   C45      -17.5470       46.0590      -12.2610 
   1   H76      -17.5300       46.6280      -11.3170 
   6   C46      -18.7610       45.1040      -12.2580 
   1   H77      -18.9400       44.7950      -13.2950 
   8   O31      -19.9590       45.7210      -11.8530 
   1   H78      -19.8550       46.0650      -10.9570 
   6   C47      -18.5350       43.8490      -11.3730 
   1   H79      -18.5580       44.1500      -10.3180 
   7    N7      -19.5650       42.8520      -11.5600 
   1   H80      -19.5410       42.4860      -12.5060 
   8   O32      -17.5460       46.9530      -13.3640 
   6   C48      -18.2260       48.1530      -13.2240 
   1   H81      -17.9970       48.6180      -12.2370 
   8   O33      -19.6050       47.9370      -13.3310 
   6   C49      -20.3690       49.1060      -13.1370 
   1   H82      -20.1680       49.5190      -12.1350 
   6   C50      -21.8380       48.6680      -13.2140 
   1   H83      -22.0250       48.2680      -14.2210 
   1   H84      -22.4800       49.5340      -13.0420 
   8   O34      -22.1340       47.7140      -12.2370 
   1   H85      -21.4890       46.9950      -12.3280 
   6   C51      -20.0430       50.2070      -14.1600 
   1   H86      -20.4080       49.9220      -15.1590 
   6   C52      -18.5220       50.4280      -14.2570 
   1   H87      -18.1970       50.9590      -13.3470 
   8   O35      -18.2070       51.1990      -15.3920 
   1   H88      -17.2880       50.9880      -15.6200 
   6   C53      -17.7800       49.0860      -14.3630 
   1   H89      -18.0710       48.5980      -15.3010 
   7    N8      -16.3590       49.3590      -14.4290 
   1   H90      -16.0250       49.7270      -13.5430 
   8   O36      -20.7510       51.3380      -13.6920 
   6   C54      -20.8160       52.4330      -14.5370 
   1   H91      -20.8500       52.1130      -15.5980 
   8   O37      -19.6810       53.2310      -14.3260 
   6   C55      -19.6170       54.3310      -15.2030 
   1   H92      -19.7130       53.9880      -16.2450 
   6   C56      -18.2280       54.9430      -15.0130 
   1   H93      -18.1060       55.1970      -13.9490 
   1   H94      -18.1340       55.8480      -15.6180 
   8   O38      -17.2390       54.0390      -15.4160 
   1   H95      -17.5580       53.1510      -15.1880 
   6   C57      -20.7590       55.3240      -14.9310 
   1   H96      -20.6160       55.7910      -13.9420 
   6   C58      -22.1160       54.5860      -14.9490 
   1   H97      -22.3850       54.4140      -15.9970 
   8   O39      -23.1730       55.3620      -14.4270 
   1   H98      -23.0060       55.5360      -13.4920 
   6   C59      -22.0780       53.2340      -14.1880 
   1   H99      -22.0270       53.4380      -13.1100 
   7    N9      -23.2630       52.4380      -14.4200 
   1  H100      -23.3010       52.1310      -15.3870 
   8   O40      -20.6400       56.3010      -15.9480 
   6   C60      -21.3140       57.4940      -15.7760 
   1  H101      -21.3030       57.8100      -14.7090 
   8   O41      -22.6440       57.3280      -16.1980 
   6   C61      -23.4350       58.4730      -16.0100 
   1  H102      -23.3860       58.8030      -14.9590 
   6   C62      -24.8710       58.0390      -16.3260 
   1  H103      -24.8820       57.6070      -17.3380 
   1  H104      -25.5370       58.9030      -16.2910 
   8   O42      -25.3400       57.1210      -15.3850 
   1  H105      -24.6480       56.4510      -15.2540 
   6   C63      -22.9530       59.6440      -16.8850 
   1  H106      -23.1290       59.4070      -17.9470 
   6   C64      -21.4440       59.8820      -16.6600 
   1  H107      -21.3300       60.3990      -15.7000 
   8   O43      -20.8620       60.7450      -17.6070 
   1  H108      -20.9830       60.3770      -18.4910 
   6   C65      -20.6280       58.5600      -16.6390 
   1  H109      -20.5870       58.1540      -17.6580 
   7   N10      -19.2660       58.7630      -16.1990 
   1  H110      -19.2460       59.0780      -15.2350 
   8   O44      -23.7520       60.7520      -16.4990 
   6   C66      -24.0150       61.7220      -17.4540 
   1  H111      -24.2960       61.2460      -18.4230 
   8   O45      -22.8830       62.5230      -17.6420 
   6   C67      -23.0480       63.5300      -18.6220 
   1  H112      -23.2980       63.0670      -19.5910 
   6   C68      -21.6930       64.2390      -18.7340 
   1  H113      -21.4890       64.7450      -17.7800 
   1  H114      -21.7430       64.9810      -19.5320 
   8   O46      -20.6710       63.3410      -19.0510 
   1  H115      -20.6930       62.6330      -18.3880 
   6   C69      -24.1790       64.4900      -18.2350 
   1  H116      -23.9060       65.0100      -17.3030 
   8   O47      -24.3660       65.4110      -19.2740 
   1  H117      -25.1830       65.8900      -19.0810 
   6   C70      -25.4600       63.6860      -17.9720 
   1  H118      -25.7830       63.2230      -18.9230 
   8   O48      -26.4570       64.5690      -17.5200 
   1  H119      -27.1200       64.0330      -17.0650 
   6   C71      -25.1950       62.5780      -16.9470 
   1  H120      -24.8870       63.0320      -16.0000 
   7   N11      -26.4260       61.8500      -16.7140 
   1  H121      -26.6810       61.3140      -17.5390 
   1  H122       -1.4610       12.2210       -4.1050 
   1  H123       -9.8880       16.0460       -2.5650 
   1  H124       -5.5760       21.0180       -6.5380 
   1  H125      -12.6690       24.7140       -4.4610 
   1  H126       -7.9780       32.2920       -7.4500 
   1  H127      -15.3970       34.0550       -6.6710 
   1  H128      -11.9090       41.6830      -10.8980 
   1  H129      -20.4760       43.2780      -11.4180 
   1  H130      -15.8510       48.5030      -14.6220 
   1  H131      -24.0900       52.9990      -14.2410 
   1  H132      -18.8330       59.4840      -16.7670 
   1  H133      -26.3010       61.1980      -15.9480 

