# r[A]  g(r)
1.000000000000000056e-01 0.000000000000000000e+00
3.000000000000000444e-01 0.000000000000000000e+00
5.000000000000000000e-01 0.000000000000000000e+00
7.000000000000000666e-01 0.000000000000000000e+00
9.000000000000000222e-01 0.000000000000000000e+00
1.100000000000000089e+00 0.000000000000000000e+00
1.300000000000000266e+00 0.000000000000000000e+00
1.500000000000000000e+00 0.000000000000000000e+00
1.700000000000000178e+00 0.000000000000000000e+00
1.899999999999999911e+00 0.000000000000000000e+00
2.100000000000000089e+00 0.000000000000000000e+00
2.300000000000000266e+00 0.000000000000000000e+00
2.500000000000000000e+00 0.000000000000000000e+00
2.700000000000000178e+00 0.000000000000000000e+00
2.900000000000000355e+00 0.000000000000000000e+00
3.100000000000000089e+00 0.000000000000000000e+00
3.300000000000000266e+00 0.000000000000000000e+00
3.500000000000000000e+00 0.000000000000000000e+00
3.700000000000000178e+00 0.000000000000000000e+00
3.900000000000000355e+00 0.000000000000000000e+00
4.099999999999999645e+00 0.000000000000000000e+00
4.300000000000000711e+00 0.000000000000000000e+00
4.500000000000000000e+00 0.000000000000000000e+00
4.700000000000001066e+00 0.000000000000000000e+00
4.900000000000000355e+00 0.000000000000000000e+00
5.099999999999999645e+00 0.000000000000000000e+00
5.300000000000000711e+00 0.000000000000000000e+00
5.500000000000000000e+00 2.889255133615680447e-03
5.700000000000001066e+00 2.690077922927358155e-03
5.900000000000000355e+00 5.021616160991198251e-03
6.099999999999999645e+00 7.046635505023978244e-03
6.300000000000000711e+00 8.808491633421533865e-03
6.500000000000000000e+00 1.861832725893524179e-02
6.700000000000001066e+00 9.735253784042158590e-03
6.900000000000000355e+00 1.835821870113133955e-02
7.099999999999999645e+00 1.907244614649926395e-02
7.300000000000000711e+00 1.476144085153011098e-02
7.500000000000000000e+00 2.175398875905086571e-02
7.700000000000001066e+00 1.916446113700511628e-02
7.900000000000000355e+00 2.660941637797610906e-02
8.100000000000001421e+00 2.397946721543003576e-02
8.300000000000000711e+00 2.791287744529282258e-02
8.500000000000000000e+00 3.145390613628420984e-02
8.699999999999999289e+00 2.540529113260996466e-02
8.900000000000000355e+00 4.303536038188629509e-02
9.100000000000001421e+00 3.166504539449664646e-02
9.300000000000000711e+00 3.436017828548113690e-02
9.500000000000000000e+00 4.164514043750617428e-02
9.700000000000001066e+00 4.459041449799523715e-02
9.900000000000000355e+00 5.261698734760802965e-02
1.010000000000000142e+01 4.798331124006550985e-02
1.030000000000000071e+01 4.778581803369268827e-02
1.050000000000000000e+01 5.946051425360322773e-02
1.070000000000000107e+01 5.344129415071399714e-02
1.090000000000000036e+01 4.929112705393988436e-02
1.110000000000000142e+01 7.023225515844838673e-02
1.130000000000000071e+01 6.503011280427384300e-02
1.150000000000000000e+01 6.609254862560681731e-02
1.170000000000000107e+01 6.129824780604894302e-02
1.190000000000000036e+01 8.826550658496223889e-02
1.210000000000000142e+01 7.880475608405081156e-02
1.230000000000000071e+01 6.586340604493130801e-02
1.250000000000000000e+01 7.775792011657818581e-02
1.270000000000000107e+01 8.454098570845194893e-02
1.290000000000000036e+01 8.088942106552347855e-02
1.310000000000000142e+01 8.149445914908164113e-02
1.330000000000000071e+01 8.795644394927069898e-02
1.350000000000000000e+01 9.688019748563472811e-02
1.370000000000000107e+01 9.081234497008787432e-02
1.390000000000000036e+01 1.017898679931787675e-01
1.410000000000000142e+01 8.177613178595376231e-02
1.430000000000000071e+01 9.702995480768700221e-02
1.450000000000000000e+01 9.811338042799505610e-02
1.470000000000000107e+01 1.059788124465718823e-01
1.490000000000000036e+01 1.035465937913496171e-01
1.510000000000000142e+01 9.660495961287837718e-02
1.530000000000000071e+01 1.176198535014419677e-01
1.550000000000000000e+01 1.138764819428627340e-01
1.570000000000000107e+01 1.046106653303042755e-01
1.590000000000000036e+01 1.234318866962774985e-01
1.610000000000000142e+01 1.112796443803006075e-01
1.630000000000000071e+01 1.158033524442823176e-01
1.650000000000000000e+01 1.159025850061614488e-01
1.670000000000000284e+01 1.228590237646035310e-01
1.689999999999999858e+01 1.221106502670943339e-01
1.710000000000000142e+01 1.282387413395033871e-01
1.730000000000000071e+01 1.179895237164097221e-01
1.750000000000000000e+01 1.361434277255866021e-01
1.770000000000000284e+01 1.330841550593271916e-01
1.789999999999999858e+01 1.320364708383427454e-01
1.810000000000000142e+01 1.443426993167611361e-01
1.830000000000000071e+01 1.349407647153684497e-01
1.850000000000000000e+01 1.519596922129231031e-01
1.870000000000000284e+01 1.482267091019633665e-01
1.889999999999999858e+01 1.624798631028157025e-01
1.910000000000000142e+01 1.574177834545607835e-01
1.930000000000000426e+01 1.677825008839322618e-01
1.950000000000000000e+01 1.616000241388663161e-01
1.970000000000000284e+01 1.732005566254103124e-01
1.989999999999999858e+01 1.728267964132603474e-01
2.010000000000000142e+01 1.782750799014981291e-01
2.030000000000000426e+01 1.781733819026809218e-01
2.050000000000000000e+01 1.915612178755112527e-01
2.070000000000000284e+01 1.974651293348001213e-01
2.089999999999999858e+01 1.987066896275074823e-01
2.110000000000000142e+01 1.945649552002131077e-01
2.130000000000000426e+01 2.069193043947129551e-01
2.150000000000000000e+01 2.091386024223500784e-01
2.170000000000000284e+01 2.212650598471950503e-01
2.189999999999999858e+01 2.285416794726370660e-01
2.210000000000000142e+01 2.256766889136870569e-01
2.230000000000000426e+01 2.221741681982990768e-01
2.250000000000000000e+01 2.481121307823766775e-01
2.270000000000000284e+01 2.573298596405917960e-01
2.289999999999999858e+01 2.646890035417434617e-01
2.310000000000000142e+01 2.691348989955194559e-01
2.330000000000000426e+01 2.692036169105517796e-01
2.350000000000000000e+01 2.754038635124645418e-01
2.370000000000000284e+01 2.805792716407000120e-01
2.389999999999999858e+01 2.881450145482514769e-01
2.410000000000000142e+01 2.836833867004382448e-01
2.430000000000000426e+01 3.124872920957694200e-01
2.450000000000000000e+01 3.162892027551454377e-01
2.470000000000000284e+01 3.305296633321117561e-01
2.489999999999999858e+01 3.142448474877936326e-01
2.510000000000000142e+01 3.315944753896341579e-01
2.530000000000000426e+01 3.408477277447506393e-01
2.550000000000000000e+01 3.505775696536289621e-01
2.570000000000000284e+01 3.465981067347181366e-01
2.589999999999999858e+01 3.669358039645018721e-01
2.610000000000000142e+01 3.599223799568952442e-01
2.630000000000000426e+01 3.738037947221054536e-01
2.650000000000000000e+01 3.910853048294611334e-01
2.670000000000000284e+01 4.091577477735153789e-01
2.689999999999999858e+01 4.006803431343298749e-01
2.710000000000000142e+01 4.101416235926600429e-01
2.730000000000000426e+01 4.208083259324880698e-01
2.750000000000000000e+01 4.254589281401015000e-01
2.770000000000000284e+01 4.385897024687652190e-01
2.789999999999999858e+01 4.380511351771428363e-01
2.810000000000000142e+01 4.555273869233132378e-01
2.830000000000000426e+01 4.723584617060485047e-01
2.850000000000000000e+01 4.714556849899093627e-01
2.870000000000000284e+01 4.879356409635293712e-01
2.889999999999999858e+01 4.732517900343694017e-01
2.910000000000000142e+01 5.002128548842040834e-01
2.930000000000000426e+01 5.038945404516935733e-01
2.950000000000000000e+01 5.071294146666955882e-01
2.970000000000000284e+01 5.108263082528989862e-01
2.989999999999999858e+01 5.181923529898457836e-01
3.010000000000000142e+01 5.280195288179089230e-01
3.030000000000000426e+01 5.374477369794233850e-01
3.050000000000000000e+01 5.441410071855072861e-01
3.070000000000000284e+01 5.476470355046568761e-01
3.089999999999999858e+01 5.457988581770030212e-01
3.110000000000000142e+01 5.558819577020936986e-01
3.130000000000000426e+01 5.706599952191963032e-01
3.150000000000000000e+01 5.628199039147786520e-01
3.170000000000000284e+01 5.989715289029179379e-01
3.189999999999999858e+01 5.843550591223602986e-01
3.210000000000000142e+01 5.934682057378227737e-01
3.229999999999999716e+01 6.062493026338118263e-01
3.250000000000000000e+01 6.131272639842771932e-01
3.270000000000000284e+01 6.102279267287824549e-01
3.290000000000000568e+01 6.079995948972386488e-01
3.310000000000000142e+01 6.219760295744685141e-01
3.329999999999999716e+01 6.268241565798986503e-01
3.350000000000000000e+01 6.466227066335576978e-01
3.370000000000000284e+01 6.368923788979273803e-01
3.390000000000000568e+01 6.572377120595274125e-01
3.410000000000000142e+01 6.547375940316548792e-01
3.429999999999999716e+01 6.599777854582618009e-01
3.450000000000000000e+01 6.915638607030842877e-01
3.470000000000000284e+01 6.802030346029558361e-01
3.490000000000000568e+01 6.935997724803566467e-01
3.510000000000000142e+01 6.900459056681098602e-01
3.529999999999999716e+01 7.119911506518254996e-01
3.550000000000000000e+01 7.180711614151064071e-01
3.570000000000000284e+01 7.209529284275471017e-01
3.590000000000000568e+01 7.488879601456477353e-01
3.610000000000000142e+01 7.492653746380764090e-01
3.629999999999999716e+01 7.591413127455551857e-01
3.650000000000000000e+01 7.688220034908420653e-01
3.670000000000000284e+01 7.700701100976264923e-01
3.690000000000000568e+01 7.807470099352076254e-01
3.710000000000000142e+01 7.885458241770894050e-01
3.729999999999999716e+01 8.066248936017081927e-01
3.750000000000000000e+01 8.237771839165918264e-01
3.770000000000000284e+01 8.344940598546064514e-01
3.790000000000000568e+01 8.480429263717443877e-01
3.810000000000000142e+01 8.615631371354329771e-01
3.830000000000000426e+01 8.659363694725626948e-01
3.850000000000000000e+01 8.929941478114510334e-01
3.870000000000000284e+01 9.044485409741235271e-01
3.890000000000000568e+01 9.204729588901759962e-01
3.910000000000000142e+01 9.351510509635527768e-01
3.930000000000000426e+01 9.453520479561536849e-01
3.950000000000000000e+01 9.572037889590842008e-01
3.970000000000000284e+01 9.683811038433751683e-01
3.990000000000000568e+01 9.894442113968577868e-01
