# r[A]  g(r)
1.000000000000000056e-01 0.000000000000000000e+00
3.000000000000000444e-01 0.000000000000000000e+00
5.000000000000000000e-01 0.000000000000000000e+00
7.000000000000000666e-01 0.000000000000000000e+00
9.000000000000000222e-01 0.000000000000000000e+00
1.100000000000000089e+00 0.000000000000000000e+00
1.300000000000000266e+00 0.000000000000000000e+00
1.500000000000000000e+00 0.000000000000000000e+00
1.700000000000000178e+00 0.000000000000000000e+00
1.899999999999999911e+00 0.000000000000000000e+00
2.100000000000000089e+00 0.000000000000000000e+00
2.300000000000000266e+00 0.000000000000000000e+00
2.500000000000000000e+00 0.000000000000000000e+00
2.700000000000000178e+00 0.000000000000000000e+00
2.900000000000000355e+00 0.000000000000000000e+00
3.100000000000000089e+00 0.000000000000000000e+00
3.300000000000000266e+00 0.000000000000000000e+00
3.500000000000000000e+00 0.000000000000000000e+00
3.700000000000000178e+00 0.000000000000000000e+00
3.900000000000000355e+00 0.000000000000000000e+00
4.099999999999999645e+00 0.000000000000000000e+00
4.300000000000000711e+00 0.000000000000000000e+00
4.500000000000000000e+00 0.000000000000000000e+00
4.700000000000001066e+00 0.000000000000000000e+00
4.900000000000000355e+00 0.000000000000000000e+00
5.099999999999999645e+00 0.000000000000000000e+00
5.300000000000000711e+00 0.000000000000000000e+00
5.500000000000000000e+00 0.000000000000000000e+00
5.700000000000001066e+00 0.000000000000000000e+00
5.900000000000000355e+00 0.000000000000000000e+00
6.099999999999999645e+00 0.000000000000000000e+00
6.300000000000000711e+00 0.000000000000000000e+00
6.500000000000000000e+00 0.000000000000000000e+00
6.700000000000001066e+00 0.000000000000000000e+00
6.900000000000000355e+00 0.000000000000000000e+00
7.099999999999999645e+00 0.000000000000000000e+00
7.300000000000000711e+00 0.000000000000000000e+00
7.500000000000000000e+00 0.000000000000000000e+00
7.700000000000001066e+00 0.000000000000000000e+00
7.900000000000000355e+00 0.000000000000000000e+00
8.100000000000001421e+00 0.000000000000000000e+00
8.300000000000000711e+00 0.000000000000000000e+00
8.500000000000000000e+00 0.000000000000000000e+00
8.699999999999999289e+00 5.468972228700841147e-04
8.900000000000000355e+00 1.045189541906581428e-03
9.100000000000001421e+00 4.998769174421950319e-04
9.300000000000000711e+00 9.572176766559261762e-04
9.500000000000000000e+00 2.752018496882964634e-03
9.700000000000001066e+00 1.319853564219993815e-03
9.900000000000000355e+00 4.223555345168683388e-04
1.010000000000000142e+01 2.028973685945282233e-03
1.030000000000000071e+01 1.560756835105441996e-03
1.050000000000000000e+01 1.126400604994605035e-03
1.070000000000000107e+01 2.530936152280716372e-03
1.090000000000000036e+01 4.529408814390692428e-03
1.110000000000000142e+01 3.359739783825855391e-03
1.130000000000000071e+01 4.538613081264379276e-03
1.150000000000000000e+01 5.634160662990461178e-03
1.170000000000000107e+01 6.652788716580980075e-03
1.190000000000000036e+01 5.261768158949535826e-03
1.210000000000000142e+01 8.482111467717346268e-03
1.230000000000000071e+01 7.387667174081632461e-03
1.250000000000000000e+01 9.802475873934509559e-03
1.270000000000000107e+01 7.442947052390780187e-03
1.290000000000000036e+01 1.144281985215456383e-02
1.310000000000000142e+01 1.350828917077724969e-02
1.330000000000000071e+01 1.146695117038075938e-02
1.350000000000000000e+01 1.521817841785375741e-02
1.370000000000000107e+01 1.654153335707263944e-02
1.390000000000000036e+01 1.799722482062067475e-02
1.410000000000000142e+01 2.082177945297749785e-02
1.430000000000000071e+01 2.327994956229062148e-02
1.450000000000000000e+01 2.205151752388541386e-02
1.470000000000000107e+01 2.394594568884971311e-02
1.490000000000000036e+01 2.423972250617707075e-02
1.510000000000000142e+01 3.213485700013587326e-02
1.530000000000000071e+01 3.112339545623379541e-02
1.550000000000000000e+01 3.480529318581276205e-02
1.570000000000000107e+01 3.593949285043379627e-02
1.590000000000000036e+01 3.995335005289660235e-02
1.610000000000000142e+01 4.567431525079888172e-02
1.630000000000000071e+01 4.487197439951989830e-02
1.650000000000000000e+01 5.549872520668121950e-02
1.670000000000000284e+01 5.625542704376804842e-02
1.689999999999999858e+01 6.333828618925531340e-02
1.710000000000000142e+01 6.781124075043752641e-02
1.730000000000000071e+01 7.441296019145500484e-02
1.750000000000000000e+01 7.961553527204182079e-02
1.770000000000000284e+01 9.037915927206532918e-02
1.789999999999999858e+01 8.850001418792155516e-02
1.810000000000000142e+01 1.034869725504552057e-01
1.830000000000000071e+01 1.030915091591629862e-01
1.850000000000000000e+01 1.190174827880226271e-01
1.870000000000000284e+01 1.251269859185119571e-01
1.889999999999999858e+01 1.294460674009485501e-01
1.910000000000000142e+01 1.399122442056148219e-01
1.930000000000000426e+01 1.520305763264282461e-01
1.950000000000000000e+01 1.567663371540459760e-01
1.970000000000000284e+01 1.693860593109149382e-01
1.989999999999999858e+01 1.861733270418456376e-01
2.010000000000000142e+01 1.956021297928006164e-01
2.030000000000000426e+01 2.051273161712490467e-01
2.050000000000000000e+01 2.109947496534829436e-01
2.070000000000000284e+01 2.165016128517691374e-01
2.089999999999999858e+01 2.434622138349206988e-01
2.110000000000000142e+01 2.549544738063576066e-01
2.130000000000000426e+01 2.674340920691921086e-01
2.150000000000000000e+01 2.813775721411535535e-01
2.170000000000000284e+01 3.020605174739150467e-01
2.189999999999999858e+01 3.133132242436303394e-01
2.210000000000000142e+01 3.257213468935904466e-01
2.230000000000000426e+01 3.500392235689702147e-01
2.250000000000000000e+01 3.741807739116779774e-01
2.270000000000000284e+01 3.832818390516208318e-01
2.289999999999999858e+01 4.040868831136065209e-01
2.310000000000000142e+01 4.224879368190525009e-01
2.330000000000000426e+01 4.453092202255475862e-01
2.350000000000000000e+01 4.614488990256019330e-01
2.370000000000000284e+01 4.855317895774762804e-01
2.389999999999999858e+01 5.049788100777057309e-01
2.410000000000000142e+01 5.346209049903597466e-01
2.430000000000000426e+01 5.519358471113497977e-01
2.450000000000000000e+01 5.693750765372768141e-01
2.470000000000000284e+01 6.019890652735011560e-01
2.489999999999999858e+01 6.283448982316832687e-01
2.510000000000000142e+01 6.479396648340984832e-01
2.530000000000000426e+01 6.866932302058267323e-01
2.550000000000000000e+01 7.002191174933724005e-01
2.570000000000000284e+01 7.283471272650239303e-01
2.589999999999999858e+01 7.596607983624746874e-01
2.610000000000000142e+01 7.822759494272385483e-01
2.630000000000000426e+01 8.083073062312299273e-01
2.650000000000000000e+01 8.367088073232945566e-01
2.670000000000000284e+01 8.527323642661580605e-01
2.689999999999999858e+01 9.010832562457278261e-01
2.710000000000000142e+01 9.200176719696163685e-01
2.730000000000000426e+01 9.392467911316945139e-01
2.750000000000000000e+01 9.807020897993107278e-01
2.770000000000000284e+01 1.002037518503466451e+00
2.789999999999999858e+01 1.023619834585332455e+00
2.810000000000000142e+01 1.056127004561433047e+00
2.830000000000000426e+01 1.081672141523709607e+00
2.850000000000000000e+01 1.118885141229536195e+00
2.870000000000000284e+01 1.147471093086730010e+00
2.889999999999999858e+01 1.162125988907792173e+00
2.910000000000000142e+01 1.192158609899875543e+00
2.930000000000000426e+01 1.229511340051342660e+00
2.950000000000000000e+01 1.244196519533183443e+00
2.970000000000000284e+01 1.288880340888928888e+00
2.989999999999999858e+01 1.308924014283340709e+00
3.010000000000000142e+01 1.336410202069050035e+00
3.030000000000000426e+01 1.365944759052373447e+00
3.050000000000000000e+01 1.372386645584156684e+00
3.070000000000000284e+01 1.424136615813195617e+00
3.089999999999999858e+01 1.447035416215065151e+00
3.110000000000000142e+01 1.451852590841961943e+00
3.130000000000000426e+01 1.479922388652147536e+00
3.150000000000000000e+01 1.492812949461071792e+00
3.170000000000000284e+01 1.538217321218554590e+00
3.189999999999999858e+01 1.542177436128871593e+00
3.210000000000000142e+01 1.572836740793204680e+00
3.229999999999999716e+01 1.590796542212370657e+00
3.250000000000000000e+01 1.612154864372094210e+00
3.270000000000000284e+01 1.621955932793552213e+00
3.290000000000000568e+01 1.643715013683290538e+00
3.310000000000000142e+01 1.660977401819402566e+00
3.329999999999999716e+01 1.679051668609207626e+00
3.350000000000000000e+01 1.682375731930446872e+00
3.370000000000000284e+01 1.714079956999273957e+00
3.390000000000000568e+01 1.707170483854823395e+00
3.410000000000000142e+01 1.729532532870042383e+00
3.429999999999999716e+01 1.746965723439843021e+00
3.450000000000000000e+01 1.755462941837580892e+00
3.470000000000000284e+01 1.771487347298061232e+00
3.490000000000000568e+01 1.772279878360863759e+00
3.510000000000000142e+01 1.777643460986565671e+00
3.529999999999999716e+01 1.789482695646396726e+00
3.550000000000000000e+01 1.794077861686671937e+00
3.570000000000000284e+01 1.809436504347627261e+00
3.590000000000000568e+01 1.793892879102672255e+00
3.610000000000000142e+01 1.790080583339547005e+00
3.629999999999999716e+01 1.808297098469892283e+00
3.650000000000000000e+01 1.811466009214871775e+00
3.670000000000000284e+01 1.800750912724973896e+00
3.690000000000000568e+01 1.813114962202539981e+00
3.710000000000000142e+01 1.808115736383258287e+00
3.729999999999999716e+01 1.792824322838629358e+00
3.750000000000000000e+01 1.784996999965053455e+00
3.770000000000000284e+01 1.783321737854208999e+00
3.790000000000000568e+01 1.771236189527561899e+00
3.810000000000000142e+01 1.762128697227158813e+00
3.830000000000000426e+01 1.761354732756264863e+00
3.850000000000000000e+01 1.747654791585189438e+00
3.870000000000000284e+01 1.736851972367821517e+00
3.890000000000000568e+01 1.727929179836237727e+00
3.910000000000000142e+01 1.716308612670274458e+00
3.930000000000000426e+01 1.707487952414826093e+00
3.950000000000000000e+01 1.675940056665420341e+00
3.970000000000000284e+01 1.661670574274602741e+00
3.990000000000000568e+01 1.643883891041496792e+00
