# r[A]  g(r)
1.000000000000000056e-01 0.000000000000000000e+00
3.000000000000000444e-01 0.000000000000000000e+00
5.000000000000000000e-01 0.000000000000000000e+00
7.000000000000000666e-01 0.000000000000000000e+00
9.000000000000000222e-01 0.000000000000000000e+00
1.100000000000000089e+00 0.000000000000000000e+00
1.300000000000000266e+00 0.000000000000000000e+00
1.500000000000000000e+00 0.000000000000000000e+00
1.700000000000000178e+00 0.000000000000000000e+00
1.899999999999999911e+00 0.000000000000000000e+00
2.100000000000000089e+00 0.000000000000000000e+00
2.300000000000000266e+00 0.000000000000000000e+00
2.500000000000000000e+00 0.000000000000000000e+00
2.700000000000000178e+00 0.000000000000000000e+00
2.900000000000000355e+00 0.000000000000000000e+00
3.100000000000000089e+00 0.000000000000000000e+00
3.300000000000000266e+00 0.000000000000000000e+00
3.500000000000000000e+00 0.000000000000000000e+00
3.700000000000000178e+00 0.000000000000000000e+00
3.900000000000000355e+00 0.000000000000000000e+00
4.099999999999999645e+00 0.000000000000000000e+00
4.300000000000000711e+00 0.000000000000000000e+00
4.500000000000000000e+00 0.000000000000000000e+00
4.700000000000001066e+00 0.000000000000000000e+00
4.900000000000000355e+00 0.000000000000000000e+00
5.099999999999999645e+00 0.000000000000000000e+00
5.300000000000000711e+00 0.000000000000000000e+00
5.500000000000000000e+00 0.000000000000000000e+00
5.700000000000001066e+00 0.000000000000000000e+00
5.900000000000000355e+00 0.000000000000000000e+00
6.099999999999999645e+00 0.000000000000000000e+00
6.300000000000000711e+00 0.000000000000000000e+00
6.500000000000000000e+00 0.000000000000000000e+00
6.700000000000001066e+00 0.000000000000000000e+00
6.900000000000000355e+00 0.000000000000000000e+00
7.099999999999999645e+00 0.000000000000000000e+00
7.300000000000000711e+00 0.000000000000000000e+00
7.500000000000000000e+00 1.472229587804143713e-03
7.700000000000001066e+00 0.000000000000000000e+00
7.900000000000000355e+00 0.000000000000000000e+00
8.100000000000001421e+00 0.000000000000000000e+00
8.300000000000000711e+00 1.202116630722994050e-03
8.500000000000000000e+00 2.865536367847257120e-03
8.699999999999999289e+00 2.188246126808404517e-03
8.900000000000000355e+00 3.136510670398445430e-03
9.100000000000001421e+00 5.000270995770139323e-03
9.300000000000000711e+00 6.702536830063202458e-03
9.500000000000000000e+00 9.634958579543407078e-03
9.700000000000001066e+00 9.681834057021807688e-03
9.900000000000000355e+00 1.774426190312339974e-02
1.010000000000000142e+01 1.623666613761773000e-02
1.030000000000000071e+01 2.576022481101028494e-02
1.050000000000000000e+01 2.854405514281468242e-02
1.070000000000000107e+01 2.929534570319108563e-02
1.090000000000000036e+01 4.007988511720105701e-02
1.110000000000000142e+01 4.234543964393214927e-02
1.130000000000000071e+01 5.545257198975239027e-02
1.150000000000000000e+01 7.013506428731858255e-02
1.170000000000000107e+01 7.108522977852550773e-02
1.190000000000000036e+01 7.105521143582575749e-02
1.210000000000000142e+01 9.078586005525721148e-02
1.230000000000000071e+01 8.594164546210238120e-02
1.250000000000000000e+01 1.094496982925403511e-01
1.270000000000000107e+01 1.204065834468684704e-01
1.290000000000000036e+01 1.390969143778006678e-01
1.310000000000000142e+01 1.348821838512399285e-01
1.330000000000000071e+01 1.467742544510050595e-01
1.350000000000000000e+01 1.722215658152323747e-01
1.370000000000000107e+01 1.725248719684426280e-01
1.390000000000000036e+01 2.063873154233915042e-01
1.410000000000000142e+01 2.066141083058851136e-01
1.430000000000000071e+01 2.148473679804846770e-01
1.450000000000000000e+01 2.369280857070087121e-01
1.470000000000000107e+01 2.542865338824263355e-01
1.490000000000000036e+01 2.853685978423800007e-01
1.510000000000000142e+01 2.874845297581126724e-01
1.530000000000000071e+01 3.019522591850646864e-01
1.550000000000000000e+01 3.378161883748676542e-01
1.570000000000000107e+01 3.504313358617618945e-01
1.590000000000000036e+01 3.683691810293998059e-01
1.610000000000000142e+01 3.894665579508685416e-01
1.630000000000000071e+01 4.208011467745562673e-01
1.650000000000000000e+01 4.386477017397374945e-01
1.670000000000000284e+01 4.550783280070906378e-01
1.689999999999999858e+01 4.859810556680367877e-01
1.710000000000000142e+01 5.256596045340042878e-01
1.730000000000000071e+01 5.256129518635526132e-01
1.750000000000000000e+01 5.761353429504915136e-01
1.770000000000000284e+01 5.778602321678247833e-01
1.789999999999999858e+01 6.062456854847136922e-01
1.810000000000000142e+01 6.318520169732131375e-01
1.830000000000000071e+01 6.557056605865474452e-01
1.850000000000000000e+01 6.925414093952468875e-01
1.870000000000000284e+01 6.960429465188352482e-01
1.889999999999999858e+01 6.999374897848192889e-01
1.910000000000000142e+01 7.391583666663810170e-01
1.930000000000000426e+01 7.733877821793563312e-01
1.950000000000000000e+01 7.757909141073896508e-01
1.970000000000000284e+01 7.735628985185094564e-01
1.989999999999999858e+01 8.081785263219996018e-01
2.010000000000000142e+01 8.347104967232283901e-01
2.030000000000000426e+01 8.285935525734997587e-01
2.050000000000000000e+01 8.358572391305613136e-01
2.070000000000000284e+01 8.598884983376680058e-01
2.089999999999999858e+01 8.665460172686221263e-01
2.110000000000000142e+01 8.897254681145453370e-01
2.130000000000000426e+01 8.958219800854074766e-01
2.150000000000000000e+01 9.036886546046959401e-01
2.170000000000000284e+01 9.152474963173935496e-01
2.189999999999999858e+01 9.098310502475067674e-01
2.210000000000000142e+01 9.192968126633612735e-01
2.230000000000000426e+01 9.305264076308887855e-01
2.250000000000000000e+01 9.237091386824786143e-01
2.270000000000000284e+01 9.580504995748013730e-01
2.289999999999999858e+01 9.428104977434056400e-01
2.310000000000000142e+01 9.416101381761308176e-01
2.330000000000000426e+01 9.600669766155869311e-01
2.350000000000000000e+01 9.504684219062250472e-01
2.370000000000000284e+01 9.625087361268012121e-01
2.389999999999999858e+01 9.489320568973570458e-01
2.410000000000000142e+01 9.659005610069915093e-01
2.430000000000000426e+01 9.678784765316329475e-01
2.450000000000000000e+01 9.731816105727681965e-01
2.470000000000000284e+01 9.642727835724130836e-01
2.489999999999999858e+01 9.575270776743393109e-01
2.510000000000000142e+01 9.678963749688369589e-01
2.530000000000000426e+01 9.686978431455903760e-01
2.550000000000000000e+01 9.621592113531026724e-01
2.570000000000000284e+01 9.822882121813747425e-01
2.589999999999999858e+01 9.696455625896481800e-01
2.610000000000000142e+01 9.665739931559953479e-01
2.630000000000000426e+01 9.592328665655585063e-01
2.650000000000000000e+01 9.656824698114523375e-01
2.670000000000000284e+01 9.797896486691959339e-01
2.689999999999999858e+01 9.640727849269650207e-01
2.710000000000000142e+01 9.615669187573460119e-01
2.730000000000000426e+01 9.515856171011596309e-01
2.750000000000000000e+01 9.542761226760122506e-01
2.770000000000000284e+01 9.480472535129880196e-01
2.789999999999999858e+01 9.292374939565924974e-01
2.810000000000000142e+01 9.367191950655198163e-01
2.830000000000000426e+01 9.254392125234972566e-01
2.850000000000000000e+01 9.261589370671766686e-01
2.870000000000000284e+01 9.307402948130250042e-01
2.889999999999999858e+01 9.117053471884314364e-01
2.910000000000000142e+01 9.268936549540551795e-01
2.930000000000000426e+01 9.180935703901477174e-01
2.950000000000000000e+01 9.037837868527395235e-01
2.970000000000000284e+01 9.032008463155500877e-01
2.989999999999999858e+01 9.043589783837288065e-01
3.010000000000000142e+01 8.968142291681857614e-01
3.030000000000000426e+01 8.934485043089541723e-01
3.050000000000000000e+01 8.882240761218505032e-01
3.070000000000000284e+01 8.883317678009534646e-01
3.089999999999999858e+01 8.886224711851357094e-01
3.110000000000000142e+01 8.920431896608991273e-01
3.130000000000000426e+01 8.819054861023324365e-01
3.150000000000000000e+01 8.826359514673839390e-01
3.170000000000000284e+01 8.878930459417738730e-01
3.189999999999999858e+01 8.789919063236729668e-01
3.210000000000000142e+01 8.837858929604702762e-01
3.229999999999999716e+01 8.682312983369311343e-01
3.250000000000000000e+01 8.734557374964869725e-01
3.270000000000000284e+01 8.868525018721744591e-01
3.290000000000000568e+01 8.668831873051067172e-01
3.310000000000000142e+01 8.911349203760177140e-01
3.329999999999999716e+01 8.857280745331892469e-01
3.350000000000000000e+01 8.808292129758834577e-01
3.370000000000000284e+01 8.928290505768256002e-01
3.390000000000000568e+01 8.992605277727102608e-01
3.410000000000000142e+01 8.963637289879259340e-01
3.429999999999999716e+01 8.869265260786497462e-01
3.450000000000000000e+01 8.863795644805720908e-01
3.470000000000000284e+01 8.973413285308067255e-01
3.490000000000000568e+01 9.056825204343534885e-01
3.510000000000000142e+01 8.955588388196289440e-01
3.529999999999999716e+01 8.982003370418240040e-01
3.550000000000000000e+01 9.059828443226418671e-01
3.570000000000000284e+01 9.024233155372290982e-01
3.590000000000000568e+01 8.999469229202681220e-01
3.610000000000000142e+01 9.132935451001564786e-01
3.629999999999999716e+01 9.020318670741281908e-01
3.650000000000000000e+01 9.064713493174330061e-01
3.670000000000000284e+01 9.110989291806048662e-01
3.690000000000000568e+01 9.091563370027941904e-01
3.710000000000000142e+01 9.112339084902366659e-01
3.729999999999999716e+01 9.091372474957160055e-01
3.750000000000000000e+01 9.127753789552043306e-01
3.770000000000000284e+01 9.139837023996665311e-01
3.790000000000000568e+01 9.131842759209073401e-01
3.810000000000000142e+01 9.174859239884949336e-01
3.830000000000000426e+01 9.058399208777435652e-01
3.850000000000000000e+01 9.167069965901343265e-01
3.870000000000000284e+01 9.180946885752266917e-01
3.890000000000000568e+01 9.166963274623312063e-01
3.910000000000000142e+01 9.115135557914724185e-01
3.930000000000000426e+01 9.113485102303391372e-01
3.950000000000000000e+01 9.084595359611501442e-01
3.970000000000000284e+01 9.092343380135428088e-01
3.990000000000000568e+01 9.107283054410676426e-01
